
0 3, 1fd5b
0 2, 3eb6e
0 1, 76b19
0 0, c90fd
1 7, 1fff
1 6, 3ffe
1 5, 7ff5
1 4, ffaa
2 11, 1ff
2 10, 3ff
2 9, 7ff
2 8, fff
3 11, 1ff
3 10, 3ff
3 9, 7ff
3 8, fff
3 11, 20
3 10, 40
3 9, 80
3 8, 100
3 15, 20
3 14, 40
3 13, 80
3 12, 100
4 15, 20
4 14, 40
4 13, 80
4 12, 100
4 15, 2
4 14, 4
4 13, 8
4 12, 10
4 19, 2
4 18, 4
4 17, 8
4 16, 10
0 19, 1fd5b
0 18, 3eb6e
0 17, 76b19
0 16, c90fd
0 3, 1fd5b
0 2, 3eb6e
0 1, 76b19
0 0, c90fd
1 3, 1fd5b
1 2, 3eb6e
1 1, 76b19
1 0, c90fd
1 3, 1fff
1 2, 3ffe
1 1, 7ff5
1 0, ffaa
1 7, 1fff
1 6, 3ffe
1 5, 7ff5
1 4, ffaa
2 7, 1ff
2 6, 3ff
2 5, 7ff
2 4, fff
2 11, 1ff
2 10, 3ff
2 9, 7ff
2 8, fff
3 11, 1ff
3 10, 3ff
3 9, 7ff
3 8, fff
3 11, 20
3 10, 40
3 9, 80
3 8, 100
3 15, 20
3 14, 40
3 13, 80
3 12, 100
4 15, 20
4 14, 40
4 13, 80
4 12, 100
4 15, 2
4 14, 4
4 13, 8
4 12, 10
4 19, 2
4 18, 4
4 17, 8
4 16, 10
0 19, 1fd5b
0 18, 3eb6e
0 17, 76b19
0 16, c90fd
0 3, 1fd5b
0 2, 3eb6e
0 1, 76b19
0 0, c90fd
